ID	UMAP_X	UMAP_Y	UMAP_Z
OAS1_0002_MR1	8.793205	-0.6749378	3.7737193
OAS1_0003_MR1	11.07732	0.53865355	10.389962
OAS1_0010_MR1	8.404884	-0.82355154	4.7764826
OAS1_0011_MR1	12.473403	0.23351102	10.078274
OAS1_0013_MR1	12.726296	0.0019225887	10.166092
OAS1_0015_MR1	6.9453483	0.15685669	3.5701377
OAS1_0016_MR1	8.871442	-0.8373785	5.058982
OAS1_0018_MR1	7.5912743	0.83886117	3.111528
OAS1_0019_MR1	11.077861	-0.07413602	10.654962
OAS1_0020_MR1	8.895292	-0.80864066	4.1827965
OAS1_0021_MR1	7.403974	1.472725	3.4655628
OAS1_0022_MR1	6.450404	0.0883162	3.858934
OAS1_0023_MR1	7.4188333	0.8668053	3.8515048
OAS1_0026_MR1	13.421193	0.2844066	10.73879
OAS1_0028_MR1	7.520171	1.4089752	3.2333677
OAS1_0030_MR1	12.804471	-0.7264767	10.096187
OAS1_0031_MR1	11.186232	0.22835428	10.419902
OAS1_0032_MR1	12.746151	-1.3414091	9.647042
OAS1_0033_MR1	13.12611	0.26091057	10.587431
OAS1_0034_MR1	6.758544	-0.55524874	4.1794305
OAS1_0035_MR1	10.509632	0.12600753	10.08763
OAS1_0039_MR1	10.744755	0.35164452	10.414628
OAS1_0041_MR1	6.9708896	-0.6708166	4.344257
OAS1_0042_MR1	7.4737797	1.1218449	3.3615663
OAS1_0044_MR1	8.308798	-1.1519158	4.408713
OAS1_0046_MR1	8.089458	-0.7314223	4.5386615
OAS1_0052_MR1	8.265473	-0.6432464	4.8207736
OAS1_0053_MR1	12.674527	-0.6279526	10.331388
OAS1_0056_MR1	12.781412	-0.36060593	10.036522
OAS1_0058_MR1	12.362916	-0.11647733	10.862322
OAS1_0060_MR1	7.0483236	0.921077	3.8963668
OAS1_0062_MR1	8.624247	-0.7025106	3.7204227
OAS1_0064_MR1	7.785585	0.14072046	3.105291
OAS1_0065_MR1	6.7091126	0.016148174	3.7028196
OAS1_0066_MR1	12.669061	-1.3138224	10.151262
OAS1_0067_MR1	7.537807	0.9362315	2.862262
OAS1_0068_MR1	11.506545	0.19195826	10.9653015
OAS1_0069_MR1	11.74077	-0.26227525	10.903093
OAS1_0070_MR1	13.481918	0.122637115	10.635725
OAS1_0071_MR1	11.626235	0.28087044	10.73728
OAS1_0072_MR1	11.498513	0.65643096	10.398101
OAS1_0073_MR1	7.514349	0.43485218	3.881452
OAS1_0074_MR1	12.812996	-1.2185036	9.9963455
OAS1_0075_MR1	10.503379	0.6225813	10.334592
OAS1_0078_MR1	7.2705398	0.438472	2.9477572
OAS1_0082_MR1	10.519959	0.37860805	10.243781
OAS1_0083_MR1	11.092764	-0.13282761	10.670226
OAS1_0084_MR1	7.703886	0.39856327	3.0255525
OAS1_0085_MR1	11.859211	-0.1966893	10.868536
OAS1_0086_MR1	8.042828	-0.3153927	3.4159055
OAS1_0094_MR1	7.595981	0.730862	2.7125363
OAS1_0096_MR1	10.661385	0.48909754	10.384282
OAS1_0098_MR1	12.840183	0.38180962	10.766286
OAS1_0106_MR1	6.727159	-0.51052064	4.103913
OAS1_0109_MR1	11.398005	0.5514822	10.522826
OAS1_0110_MR1	12.832916	0.34524345	10.320484
OAS1_0112_MR1	8.489366	-0.8460838	4.670721
OAS1_0113_MR1	11.630678	-0.042510573	10.960372
OAS1_0114_MR1	7.3360567	1.0653721	3.5301104
OAS1_0115_MR1	6.1164684	0.36268187	4.10198
OAS1_0116_MR1	12.584979	0.41900706	10.651854
OAS1_0120_MR1	12.876234	-0.6141976	9.863866
OAS1_0122_MR1	13.152692	-0.15862559	10.182853
OAS1_0123_MR1	8.70907	-0.7591153	3.8788176
OAS1_0124_MR1	13.012074	-0.33957738	9.808022
OAS1_0130_MR1	7.0606294	0.5720415	3.7295842
OAS1_0133_MR1	6.7269335	0.17776483	3.3837051
OAS1_0134_MR1	7.860044	-0.05094194	4.09211
OAS1_0135_MR1	8.066685	-0.265337	3.3602953
OAS1_0137_MR1	12.782094	0.10755644	9.848506
OAS1_0138_MR1	10.65547	0.7129468	10.459886
OAS1_0139_MR1	8.326056	-0.7319504	3.8633413
OAS1_0142_MR1	13.042169	-0.04134168	10.771421
OAS1_0143_MR1	8.129478	-0.69885033	4.560653
OAS1_0146_MR1	7.609554	-0.022861576	3.7917078
OAS1_0155_MR1	8.780507	-0.71929276	4.849924
OAS1_0157_MR1	8.891605	-0.9461209	5.1542234
OAS1_0158_MR1	12.913307	-1.158587	9.873871
OAS1_0161_MR1	12.432236	-0.023490613	10.948227
OAS1_0164_MR1	12.798699	-0.9740186	10.079647
OAS1_0165_MR1	12.515461	-0.5272921	10.548002
OAS1_0166_MR1	13.14992	0.44110182	10.78004
OAS1_0169_MR1	7.6546855	-0.4509184	3.3260767
OAS1_0170_MR1	11.824019	0.40629512	10.278953
OAS1_0176_MR1	7.910569	-0.27738148	4.3160105
OAS1_0177_MR1	7.7846394	-0.1478987	3.1503105
OAS1_0179_MR1	11.57424	-0.17973405	11.069106
OAS1_0180_MR1	8.49948	-0.8710776	4.038201
OAS1_0181_MR1	7.766337	-0.54155964	4.562214
OAS1_0184_MR1	7.4367123	0.8792156	3.2589679
OAS1_0185_MR1	6.588714	0.10954458	3.7839813
OAS1_0186_MR1	7.7929235	-0.59228617	3.4372122
OAS1_0188_MR1	13.170392	0.030736435	9.915798
OAS1_0195_MR1	6.516804	0.68473834	4.143941
OAS1_0197_MR1	8.008434	-0.3769947	4.413069
OAS1_0199_MR1	7.3030314	1.3808007	3.6535394
OAS1_0200_MR1	6.272707	0.32123375	3.9659178
OAS1_0201_MR1	6.7417707	0.10228238	3.352937
OAS1_0203_MR1	11.354659	0.5218444	10.822772
