ID	UMAP_X	UMAP_Y	UMAP_Z
OAS1_0002_MR1	5.0877995	8.080979	9.324917
OAS1_0003_MR1	6.7954054	7.965665	4.3149242
OAS1_0010_MR1	5.824964	7.50005	10.230175
OAS1_0011_MR1	7.514563	8.63269	5.4396677
OAS1_0013_MR1	7.883752	8.812353	5.539973
OAS1_0015_MR1	4.4499826	5.987271	9.103952
OAS1_0016_MR1	6.282852	7.8535295	9.883681
OAS1_0018_MR1	4.9819107	6.0788755	8.021028
OAS1_0019_MR1	7.635944	7.9260044	4.1659236
OAS1_0020_MR1	5.5436873	8.142746	9.563523
OAS1_0021_MR1	5.6426053	5.5433908	7.9815316
OAS1_0022_MR1	4.0825834	5.5846605	9.48931
OAS1_0023_MR1	5.479649	5.8307323	8.762551
OAS1_0026_MR1	8.877973	8.387087	5.4294553
OAS1_0028_MR1	5.422009	5.720201	7.6901193
OAS1_0030_MR1	7.789308	9.544672	5.8456492
OAS1_0031_MR1	7.3385787	7.936437	4.5003867
OAS1_0032_MR1	7.395635	9.543012	6.8527417
OAS1_0033_MR1	8.510418	8.44997	5.375718
OAS1_0034_MR1	4.211082	6.36071	9.975562
OAS1_0035_MR1	7.3709216	7.3223753	4.713243
OAS1_0039_MR1	7.04383	7.517003	4.2176538
OAS1_0041_MR1	4.5005608	6.574728	10.157462
OAS1_0042_MR1	5.3465233	5.7947993	8.130992
OAS1_0044_MR1	4.8795123	7.463166	10.049488
OAS1_0046_MR1	5.50853	7.2474494	10.2647915
OAS1_0052_MR1	5.8549924	7.2458143	10.017197
OAS1_0053_MR1	7.9422493	9.538092	5.529575
OAS1_0056_MR1	7.890825	9.157037	5.8027525
OAS1_0058_MR1	7.966348	8.91022	4.739542
OAS1_0060_MR1	5.296013	5.4699917	8.938104
OAS1_0062_MR1	4.9514704	7.9461813	9.418593
OAS1_0064_MR1	4.5623875	6.711526	8.402728
OAS1_0065_MR1	4.123059	5.9354215	9.308934
OAS1_0066_MR1	7.476341	10.009191	6.166633
OAS1_0067_MR1	4.847075	5.979843	7.639779
OAS1_0068_MR1	7.338978	8.559926	3.9704928
OAS1_0069_MR1	7.934869	8.718258	4.0561447
OAS1_0070_MR1	8.937861	8.623006	5.1989994
OAS1_0071_MR1	7.1741076	8.746504	4.2009163
OAS1_0072_MR1	6.6756496	8.584423	4.46377
OAS1_0073_MR1	5.2560725	6.200276	8.9512615
OAS1_0074_MR1	7.6365137	9.8221445	6.3048477
OAS1_0075_MR1	6.684423	7.3232913	4.494761
OAS1_0078_MR1	4.33522	6.0124335	8.218931
OAS1_0082_MR1	7.087728	7.162353	4.5099053
OAS1_0083_MR1	7.705481	8.055555	4.091103
OAS1_0084_MR1	4.6471376	6.448963	8.195844
OAS1_0085_MR1	7.943145	8.559504	4.249209
OAS1_0086_MR1	4.6987977	7.274718	8.90237
OAS1_0094_MR1	4.5906196	6.158151	7.6706333
OAS1_0096_MR1	6.9022055	7.3786073	4.224551
OAS1_0098_MR1	8.308306	8.278154	5.0297728
OAS1_0106_MR1	4.1422124	6.327488	9.894754
OAS1_0109_MR1	6.814876	8.451748	4.28082
OAS1_0110_MR1	8.051265	8.386713	5.4773192
OAS1_0112_MR1	5.6908627	7.6302075	10.00819
OAS1_0113_MR1	7.698509	8.648876	4.0124125
OAS1_0114_MR1	5.3293405	5.6440196	8.374371
OAS1_0115_MR1	4.1752076	5.0958138	9.598958
OAS1_0116_MR1	7.9597487	8.132743	5.023059
OAS1_0120_MR1	8.054275	9.40274	6.1144977
OAS1_0122_MR1	8.295626	8.889583	5.792176
OAS1_0123_MR1	5.1544843	8.095239	9.589313
OAS1_0124_MR1	8.262097	9.055813	6.0890703
OAS1_0130_MR1	4.932124	5.7252836	8.93475
OAS1_0133_MR1	4.2000194	5.750525	8.884
OAS1_0134_MR1	5.3524704	6.7440295	9.221922
OAS1_0135_MR1	4.775773	7.2117524	8.764161
OAS1_0137_MR1	7.7674546	8.634805	5.9199557
OAS1_0138_MR1	6.561295	7.6780066	4.3912506
OAS1_0139_MR1	5.0063453	7.6105666	9.519315
OAS1_0142_MR1	8.527862	8.7941475	5.118676
OAS1_0143_MR1	5.389162	7.320491	10.07743
OAS1_0146_MR1	4.9163175	6.57433	9.118694
OAS1_0155_MR1	6.040675	7.6856503	9.740451
OAS1_0157_MR1	6.390597	7.9820375	9.982969
OAS1_0158_MR1	7.582725	9.613135	6.435195
OAS1_0161_MR1	8.140323	8.672946	4.7013006
OAS1_0164_MR1	7.814893	9.822368	5.994192
OAS1_0165_MR1	7.9862585	9.351834	5.179208
OAS1_0166_MR1	8.615128	8.152511	5.231812
OAS1_0169_MR1	4.246474	6.987274	9.098486
OAS1_0170_MR1	7.0533075	8.623375	4.818749
OAS1_0176_MR1	5.361732	6.8239512	9.571304
OAS1_0177_MR1	4.399206	6.9346995	8.673603
OAS1_0179_MR1	7.662406	8.8059635	3.8668988
OAS1_0180_MR1	5.2173157	7.852808	9.851279
OAS1_0181_MR1	5.3065453	6.865153	10.062272
OAS1_0184_MR1	5.0144377	5.8663483	8.212552
OAS1_0185_MR1	4.11742	5.7328343	9.50112
OAS1_0186_MR1	4.4264035	7.1685553	9.232522
OAS1_0188_MR1	8.205795	8.5792675	6.137685
OAS1_0195_MR1	4.9512115	5.219074	9.424796
OAS1_0197_MR1	5.5128713	6.9825325	9.696226
OAS1_0199_MR1	5.7022257	5.472699	8.293226
OAS1_0200_MR1	4.4578924	5.2727313	9.457005
OAS1_0201_MR1	4.103894	5.8518443	8.85031
OAS1_0203_MR1	6.967937	8.327248	4.0654016
